214777
167358
126775
163286
183026
180489
207500
135726
182670
196413
216597
131159
190600
227526
141060
140553
126678
121691
167783
120254
206622
131469
130226
200280
165024
188030
127060
237525
191630
145813
146481
196088
185262
172644
164988
200332
240727
164739
135717
165699
131283
217536
196592
153384
166629
184694
231165
232186
164924
137847
221999
119605
194824
228246
169910
156620
128771
133650
126580
151306
165015
165662
171456
190044
138947
137078
175856
151263
161086
232937
132657
237367
156295
147536
175342
138716
231581
148016
126182
133508
177940
262129
121309
137351
155061
181783
201441
139658
202480
122931
122436
233277
141334
199847
178411
110361
106704
130253
157401
217165
133881
229814
181002
199157
169080
148487
202523
136950
127918
153834
213987
209506
216287
139144
132709
199962
188641
140696
161457
217493
215947
169983
181330
128391
181127
199643
199865
187897
157535
102632
136516
446640
223506
177986
127565
129215
138600
165671
187134
220181
232308
239318
147703
171571
157289
146719
111948
144740
206084
191241
176372
157447
186876
195030
122612
213349
171128
142285
129242
187046
236595
163453
226091
120883
219602
230603
233374
190099
164748
188429
209825
121150
482149
213385
217882
204501
101879
216278
142276
166939
219471
107044
213367
134079
100812
159717
165866
159656
164465
191931
238458
164580
148627
210401
230995
112260
138187
211088
201690
169716
123651
123165
193584
154350
165529
179043
192864
217873
222983
211273
198507
180106
214069
204264
102234
210775
200217
189088
212984
219046
204617
192192
131450
164632
155511
176044
233718
180948
141361
218919
157377
482680
102094
102614
106397
118693
120403
127185
130934
139940
140960
144005
148131
149231
151801
155681
158802
159009
164270
166638
166674
168254
175227
176080
176965
180416
184612
191968
197151
199193
199607
199698
201654
217013
218724
219347
229160
230816
239017
126614
104151
233921
231624
199102
230171
166513
106467
168847
179946
221971
486901
155317
193900
170976
104179
190415
100858
153603
100751
155399
132903
229115
139755
136172
171100
234030
243780
232423
238032
147767
144050
199218
433660
129020
209542
228875
232982
195003
151351
139931
236939
122409
142115
220978
126818
204857
153658
190150
236948
228459
176017
223232
130943
207388
196097
230764
166027
217819
366711
164076
228723
216339
185590
198419
123961
217156
243744
130794
186131
215062
384254
190558
100654
188526
182290
